Resultados del análisis:
Media:  50.906 
Mediana:  50 
Desviación estándar:  28.81436 

Cuadrados de los números:
4 16
14 196
61 3721
78 6084
13 169
72 5184
99 9801
31 961
37 1369
13 169
85 7225
48 2304
26 676
47 2209
2 4
34 1156
85 7225
89 7921
93 8649
6 36
64 4096
34 1156
77 5929
58 3364
29 841
96 9216
47 2209
8 64
19 361
67 4489
86 7396
68 4624
44 1936
49 2401
69 4761
35 1225
94 8836
38 1444
3 9
98 9604
71 5041
31 961
29 841
2 4
74 5476
90 8100
87 7569
4 16
80 6400
86 7396
68 4624
55 3025
23 529
9 81
97 9409
77 5929
27 729
12 144
26 676
85 7225
94 8836
62 3844
91 8281
43 1849
57 3249
48 2304
35 1225
6 36
56 3136
91 8281
3 9
1 1
29 841
61 3721
3 9
53 2809
23 529
86 7396
66 4356
42 1764
8 64
54 2916
68 4624
31 961
47 2209
3 9
80 6400
97 9409
12 144
91 8281
37 1369
18 324
78 6084
69 4761
70 4900
64 4096
10 100
12 144
74 5476
78 6084
2 4
32 1024
73 5329
29 841
65 4225
23 529
48 2304
35 1225
63 3969
94 8836
59 3481
13 169
68 4624
20 400
27 729
92 8464
68 4624
39 1521
39 1521
45 2025
38 1444
21 441
21 441
84 7056
69 4761
16 256
98 9604
70 4900
84 7056
17 289
11 121
24 576
2 4
67 4489
89 7921
92 8464
99 9801
60 3600
19 361
100 10000
79 6241
28 784
56 3136
65 4225
8 64
3 9
14 196
20 400
78 6084
23 529
75 5625
76 5776
14 196
13 169
97 9409
56 3136
12 144
62 3844
71 5041
16 256
8 64
98 9604
59 3481
26 676
24 576
71 5041
31 961
4 16
53 2809
3 9
46 2116
45 2025
60 3600
25 625
70 4900
90 8100
73 5329
26 676
13 169
33 1089
64 4096
85 7225
61 3721
9 81
79 6241
63 3969
21 441
97 9409
18 324
63 3969
91 8281
85 7225
40 1600
2 4
30 900
95 9025
55 3025
16 256
18 324
42 1764
84 7056
51 2601
29 841
17 289
75 5625
27 729
37 1369
87 7569
73 5329
89 7921
70 4900
93 8649
51 2601
70 4900
28 784
34 1156
77 5929
26 676
25 625
43 1849
44 1936
100 10000
14 196
63 3969
31 961
56 3136
50 2500
69 4761
31 961
25 625
54 2916
66 4356
50 2500
53 2809
62 3844
75 5625
42 1764
46 2116
42 1764
36 1296
42 1764
89 7921
76 5776
97 9409
45 2025
71 5041
62 3844
98 9604
82 6724
22 484
99 9801
33 1089
88 7744
35 1225
25 625
29 841
41 1681
74 5476
70 4900
65 4225
35 1225
87 7569
12 144
61 3721
1 1
43 1849
94 8836
73 5329
95 9025
37 1369
86 7396
96 9216
43 1849
18 324
7 49
48 2304
31 961
32 1024
5 25
80 6400
15 225
51 2601
74 5476
76 5776
71 5041
24 576
89 7921
53 2809
78 6084
72 5184
91 8281
58 3364
83 6889
91 8281
31 961
60 3600
12 144
20 400
50 2500
52 2704
9 81
24 576
70 4900
94 8836
51 2601
99 9801
22 484
46 2116
41 1681
64 4096
91 8281
48 2304
33 1089
47 2209
35 1225
11 121
78 6084
43 1849
58 3364
26 676
65 4225
51 2601
94 8836
30 900
13 169
79 6241
94 8836
66 4356
58 3364
72 5184
31 961
92 8464
65 4225
55 3025
8 64
68 4624
54 2916
7 49
38 1444
66 4356
62 3844
43 1849
33 1089
75 5625
12 144
72 5184
67 4489
95 9025
23 529
68 4624
33 1089
63 3969
79 6241
51 2601
55 3025
82 6724
49 2401
42 1764
67 4489
70 4900
37 1369
26 676
37 1369
20 400
93 8649
7 49
9 81
60 3600
78 6084
39 1521
27 729
74 5476
70 4900
56 3136
86 7396
53 2809
38 1444
56 3136
42 1764
43 1849
97 9409
90 8100
68 4624
94 8836
42 1764
76 5776
14 196
41 1681
43 1849
87 7569
68 4624
29 841
93 8649
67 4489
54 2916
88 7744
55 3025
9 81
94 8836
39 1521
3 9
47 2209
85 7225
28 784
26 676
71 5041
35 1225
8 64
91 8281
96 9216
92 8464
76 5776
84 7056
71 5041
49 2401
81 6561
76 5776
92 8464
54 2916
90 8100
15 225
80 6400
3 9
72 5184
5 25
35 1225
2 4
44 1936
3 9
58 3364
42 1764
25 625
63 3969
32 1024
56 3136
78 6084
37 1369
93 8649
2 4
85 7225
77 5929
64 4096
2 4
37 1369
11 121
47 2209
64 4096
65 4225
44 1936
46 2116
97 9409
67 4489
77 5929
98 9604
47 2209
35 1225
4 16
28 784
39 1521
34 1156
74 5476
50 2500
78 6084
89 7921
58 3364
32 1024
40 1600
62 3844
7 49
64 4096
42 1764
5 25
33 1089
96 9216
84 7056
61 3721
21 441
48 2304
75 5625
56 3136
20 400
38 1444
86 7396
90 8100
81 6561
45 2025
69 4761
55 3025
4 16
26 676
57 3249
77 5929
68 4624
40 1600
9 81
90 8100
4 16
32 1024
37 1369
66 4356
52 2704
78 6084
9 81
58 3364
70 4900
36 1296
67 4489
6 36
85 7225
17 289
50 2500
90 8100
24 576
66 4356
54 2916
47 2209
7 49
39 1521
87 7569
52 2704
36 1296
97 9409
65 4225
66 4356
11 121
38 1444
5 25
72 5184
49 2401
43 1849
59 3481
81 6561
70 4900
73 5329
24 576
19 361
38 1444
1 1
4 16
61 3721
87 7569
67 4489
55 3025
94 8836
50 2500
79 6241
59 3481
61 3721
88 7744
75 5625
8 64
2 4
93 8649
24 576
47 2209
20 400
63 3969
80 6400
7 49
48 2304
9 81
9 81
70 4900
3 9
96 9216
65 4225
29 841
68 4624
95 9025
92 8464
8 64
94 8836
49 2401
95 9025
47 2209
35 1225
10 100
87 7569
27 729
39 1521
42 1764
33 1089
35 1225
8 64
1 1
68 4624
10 100
100 10000
69 4761
11 121
37 1369
49 2401
79 6241
59 3481
27 729
61 3721
41 1681
85 7225
27 729
99 9801
83 6889
41 1681
32 1024
90 8100
69 4761
21 441
77 5929
95 9025
57 3249
7 49
56 3136
79 6241
61 3721
65 4225
19 361
52 2704
38 1444
99 9801
58 3364
23 529
76 5776
97 9409
40 1600
81 6561
4 16
71 5041
81 6561
82 6724
17 289
60 3600
25 625
41 1681
35 1225
36 1296
78 6084
25 625
46 2116
90 8100
51 2601
25 625
5 25
57 3249
17 289
66 4356
94 8836
37 1369
10 100
86 7396
84 7056
27 729
75 5625
31 961
30 900
10 100
76 5776
41 1681
72 5184
20 400
89 7921
8 64
97 9409
10 100
10 100
97 9409
4 16
29 841
22 484
75 5625
64 4096
73 5329
94 8836
3 9
83 6889
60 3600
18 324
6 36
61 3721
72 5184
90 8100
10 100
44 1936
64 4096
60 3600
45 2025
8 64
42 1764
20 400
14 196
79 6241
83 6889
44 1936
37 1369
39 1521
59 3481
40 1600
42 1764
21 441
89 7921
38 1444
61 3721
1 1
20 400
37 1369
94 8836
28 784
9 81
29 841
16 256
17 289
14 196
94 8836
83 6889
6 36
31 961
94 8836
79 6241
92 8464
42 1764
78 6084
79 6241
88 7744
95 9025
8 64
94 8836
87 7569
86 7396
35 1225
65 4225
87 7569
36 1296
65 4225
6 36
57 3249
40 1600
45 2025
18 324
96 9216
34 1156
47 2209
38 1444
17 289
32 1024
78 6084
98 9604
27 729
69 4761
2 4
37 1369
29 841
88 7744
69 4761
47 2209
80 6400
5 25
13 169
52 2704
16 256
76 5776
1 1
22 484
21 441
42 1764
81 6561
49 2401
42 1764
1 1
60 3600
28 784
69 4761
53 2809
39 1521
41 1681
76 5776
74 5476
58 3364
83 6889
1 1
54 2916
57 3249
23 529
24 576
1 1
2 4
79 6241
55 3025
75 5625
93 8649
76 5776
85 7225
38 1444
38 1444
89 7921
29 841
90 8100
93 8649
29 841
64 4096
80 6400
76 5776
38 1444
58 3364
28 784
95 9025
16 256
30 900
100 10000
82 6724
24 576
74 5476
91 8281
71 5041
19 361
8 64
92 8464
22 484
19 361
91 8281
53 2809
53 2809
86 7396
10 100
35 1225
33 1089
95 9025
93 8649
53 2809
13 169
88 7744
3 9
45 2025
48 2304
51 2601
44 1936
88 7744
44 1936
65 4225
90 8100
58 3364
47 2209
2 4
65 4225
48 2304
37 1369
52 2704
65 4225
3 9
57 3249
23 529
65 4225
47 2209
49 2401
70 4900
97 9409
71 5041
88 7744
45 2025
77 5929
62 3844
76 5776
52 2704
1 1
28 784
1 1
52 2704
82 6724
86 7396
72 5184
10 100
14 196
66 4356
30 900
47 2209
68 4624
51 2601
73 5329
100 10000
92 8464
17 289
95 9025
25 625
84 7056
35 1225
96 9216
79 6241
16 256
44 1936
98 9604
87 7569
13 169
54 2916
44 1936
51 2601
54 2916
45 2025
46 2116
6 36
35 1225
23 529
31 961
8 64
99 9801
62 3844
28 784
7 49
30 900
36 1296
80 6400
34 1156
10 100
43 1849
99 9801
6 36
4 16
12 144
26 676
3 9
89 7921
97 9409
28 784
66 4356
81 6561
99 9801
41 1681
16 256
70 4900
64 4096
39 1521
91 8281
36 1296
61 3721
99 9801
31 961
41 1681
22 484
29 841
27 729
34 1156
74 5476
4 16
24 576
29 841
71 5041
94 8836
95 9025
11 121
100 10000
95 9025
1 1
93 8649
6 36
46 2116
12 144
65 4225
50 2500
38 1444
19 361
93 8649
24 576
64 4096
86 7396
97 9409
75 5625
24 576
80 6400
26 676
31 961
56 3136
24 576
72 5184
49 2401
22 484
23 529
37 1369
97 9409
59 3481
40 1600
24 576
1 1
46 2116
44 1936
47 2209
85 7225
46 2116
81 6561
81 6561
59 3481
5 25
4 16
47 2209
40 1600
34 1156
74 5476
67 4489
32 1024
6 36
44 1936
30 900
93 8649
39 1521
43 1849
