Temperaturas medias diarias por ciudad:
Madrid: [23.5, 26, 30, 27.5, 27.5, 25, 30.5, 26.5, 25, 26.5, 24, 26.5, 23.5, 29.5, 24, 19.5, 20.5, 27, 22.5, 25, 22, 22.5, 21, 27, 30, 29, 26, 19.5, 29, 22.5]
Barcelona: [22.5, 24, 24.5, 25.5, 24, 27.5, 27.5, 24, 26.5, 24.5, 27, 27.5, 28.5, 28.5, 30, 25.5, 30.5, 31, 29, 23, 26, 26, 23, 24.5, 25, 19.5, 18.5, 24.5, 24.5, 28]
Valencia: [24.5, 19.5, 25, 25.5, 24, 27, 20.5, 25.5, 26.5, 26, 26, 20, 19, 24, 29, 28.5, 24, 30, 28.5, 23.5, 28, 22.5, 25.5, 17.5, 25.5, 18, 25.5, 20.5, 23.5, 30.5]
Sevilla: [23, 20.5, 23, 19, 22, 23.5, 28, 18, 27, 23, 18.5, 22.5, 29.5, 21.5, 27, 26.5, 24.5, 21, 25, 27, 23.5, 23.5, 29.5, 25.5, 22, 26.5, 19.5, 27.5, 24.5, 24.5]
Bilbao: [27, 21.5, 30, 25.5, 26.5, 25.5, 23, 24, 27, 26, 22.5, 28.5, 20.5, 25.5, 26.5, 22.5, 25.5, 27, 22, 26, 28, 23.5, 19, 22, 23, 19.5, 24.5, 23.5, 21, 25]
Zaragoza: [22, 26, 21.5, 26.5, 23.5, 22, 24.5, 23, 23, 23, 24.5, 24.5, 24.5, 24, 26.5, 25, 27.5, 22, 23, 28, 23, 21.5, 20, 25, 24.5, 24.5, 18.5, 24, 25, 24]

Ciudad con la temperatura media más alta del mes: Barcelona

